-0.62000203
0.73646903
-0.4011371
0.5298706
0.9641944
-0.17548883
0.36832106
-0.050062656
-0.5435333
-0.5226908
-0.7889056
-0.87252176
0.10700786
-0.40504754
0.11400187
0.7634381
0.849023
0.69790363
0.685814
-0.3299564
-0.90258
0.34266365
-0.42698467
0.8725114
-0.49924278
-0.5029123
-0.2608559
0.8675965
-0.9339607
0.085285425
0.82140446
-0.4850105
-0.62000203
0.73646903
-0.4011371
0.5298706
0.9641944
-0.17548883
0.36832106
-0.050062656
-0.5435333
-0.5226908
-0.7889056
-0.87252176
0.10700786
-0.40504754
0.11400187
0.7634381
0.849023
0.69790363
0.685814
-0.3299564
-0.90258
0.34266365
-0.42698467
0.8725114
-0.49924278
-0.5029123
-0.2608559
0.8675965
-0.9339607
0.085285425
0.82140446
-0.4850105
-0.97125125
-0.4901538
0.8170115
-0.63647234
-0.44422686
-0.71769106
0.9122752
-0.3382746
0.41898584
-0.2066164
-0.40243983
0.15733564
-0.90904
0.7327881
-0.3378303
0.769112
0.7799972
-0.00423193
-0.9149587
0.87119603
-0.34993696
-0.47937942
0.54967463
0.44761276
0.7098521
0.01454699
-0.62231433
0.077078104
0.0266397
-0.6017184
-0.79741573
-0.101207376


